 85.00
 85.00
 85.00
 85.00
290.00
290.00
290.00
290.00
290.00
290.00
290.00
290.00
290.00
290.00
290.00
290.00
290.00
290.00
290.00
290.00
290.00
290.00
290.00
290.00
290.00
290.00
290.00
290.00
290.00
290.00
290.00
290.00
 85.00
 85.00
 85.00
 85.00
 85.00
 85.00
 85.00
 85.00
290.00
290.00
290.00
290.00
290.00
290.00
290.00
290.00
290.00
290.00
290.00
290.00
290.00
290.00
290.00
290.00
290.00
290.00
290.00
290.00
290.00
290.00
290.00
290.00
290.00
290.00
290.00
290.00
 85.00
 85.00
 85.00
 85.00
1800.00
1800.00
1800.00
1800.00
290.00
290.00
290.00
290.00
290.00
290.00
290.00
290.00
290.00
290.00
290.00
290.00
290.00
290.00
290.00
290.00
290.00
290.00
290.00
290.00
290.00
290.00
290.00
290.00
290.00
290.00
290.00
290.00
1800.00
1800.00
1800.00
1800.00
1800.00
1800.00
1800.00
1800.00
290.00
290.00
290.00
290.00
290.00
290.00
290.00
290.00
290.00
290.00
290.00
290.00
290.00
290.00
290.00
290.00
290.00
290.00
290.00
290.00
290.00
290.00
290.00
290.00
290.00
290.00
290.00
290.00
1800.00
1800.00
1800.00
1800.00
